[
    "[Tab]Lockheed Martin Corporation Consolidated Balance Sheets (in millions, except par value)\n\n[Time]: 2023 [SEP]\n[row 0]: Cash and cash equivalents | $ 1,442 | $ 2,547 [SEP]\n[row 1]: Receivables, net | 2,132 | 2,505 [SEP]\n[row 2]: Contract assets | 13,183 | 12,318 [SEP]\n[row 3]: Inventories | 3,132 | 3,088 [SEP]\n[row 4]: Other current assets | 632 | 533 [SEP]\n[row 5]: Total current assets | 20,521 | 20,991 [SEP]\n[row 6]: Property, plant and equipment, net | 8,370 | 7,975 [SEP]\n[row 7]: Goodwill | 10,799 | 10,780 [SEP]\n[row 8]: Intangible assets, net | 2,212 | 2,459 [SEP]\n[row 9]: Deferred income taxes | 2,953 | 3,744 [SEP]\n[row 10]: Other noncurrent assets | 7,601 | 6,931 [SEP]\n[row 11]: Total assets | $ 52,456 | $ 52,880 [SEP]\n[row 12]: Accounts payable | $ 2,312 | $ 2,117 [SEP]\n[row 13]: Salaries, benefits and payroll taxes | 3,133 | 3,075 [SEP]\n[row 14]: Contract liabilities | 9,190 | 8,488 [SEP]\n[row 15]: Current maturities of long-term debt | 168 | 118 [SEP]\n[row 16]: Other current liabilities | 2,134 | 2,089 [SEP]\n[row 17]: Total current liabilities | 16,937 | 15,887 [SEP]\n[row 18]: Long-term debt, net | 17,291 | 15,429 [SEP]\n[row 19]: Accrued pension liabilities | 6,162 | 5,472 [SEP]\n[row 20]: Other noncurrent liabilities | 5,231 | 6,826 [SEP]\n[row 21]: Total liabilities | 45,621 | 43,614 [SEP]\n[row 22]: Common stock, $1 par value per share | 240 | 254 [SEP]\n[row 23]: Additional paid-in capital |  | 92 [SEP]\n[row 24]: Retained earnings | 15,398 | 16,943 [SEP]\n[row 25]: Accumulated other comprehensive loss | (8,803) | (8,023) [SEP]\n[row 26]: Total stockholders' equity | 6,835 | 9,266 [SEP]\n[row 27]: Total liabilities and equity | $ 52,456 | $ 52,880 [SEP]\n\n[Time]: 2022 [SEP]\n[row 0]: Cash and cash equivalents | $ 2,547 | $ 1,442 [SEP]\n[row 1]: Receivables, net | 2,505 | 2,132 [SEP]\n[row 2]: Contract assets | 12,318 | 13,183 [SEP]\n[row 3]: Inventories | 3,088 | 3,132 [SEP]\n[row 4]: Other current assets | 533 | 632 [SEP]\n[row 5]: Total current assets | 20,991 | 20,521 [SEP]\n[row 6]: Property, plant and equipment, net | 7,975 | 8,370 [SEP]\n[row 7]: Goodwill | 10,780 | 10,799 [SEP]\n[row 8]: Intangible assets, net | 2,459 | 2,212 [SEP]\n[row 9]: Deferred income taxes | 3,744 | 2,953 [SEP]\n[row 10]: Other noncurrent assets | 6,931 | 7,601 [SEP]\n[row 11]: Total assets | $ 52,880 | $ 52,456 [SEP]\n[row 12]: Accounts payable | $ 2,117 | $ 2,312 [SEP]\n[row 13]: Salaries, benefits and payroll taxes | 3,075 | 3,133 [SEP]\n[row 14]: Contract liabilities | 8,488 | 9,190 [SEP]\n[row 15]: Current maturities of long-term debt | 118 | 168 [SEP]\n[row 16]: Other current liabilities | 2,089 | 2,134 [SEP]\n[row 17]: Total current liabilities | 15,887 | 16,937 [SEP]\n[row 18]: Long-term debt, net | 15,429 | 17,291 [SEP]\n[row 19]: Accrued pension liabilities | 5,472 | 6,162 [SEP]\n[row 20]: Other noncurrent liabilities | 6,826 | 5,231 [SEP]\n[row 21]: Total liabilities | 43,614 | 45,621 [SEP]\n[row 22]: Common stock, $1 par value per share | 254 | 240 [SEP]\n[row 23]: Additional paid-in capital | 92 |  [SEP]\n[row 24]: Retained earnings | 16,943 | 15,398 [SEP]\n[row 25]: Accumulated other comprehensive loss | (8,023) | (8,803) [SEP]\n[row 26]: Total stockholders' equity | 9,266 | 6,835 [SEP]\n[row 27]: Total liabilities and equity | $ 52,880 | $ 52,456 [SEP]"
]